f2 41 00 40 07 00 00 00 00 00 00 00 00 00 00 21 01 33 38 38 62 63 61 62 38 66 39 65 38 35 37 65 62 35 33 38 32 39 35 61 32 32 65 33 35 34 64 33 39 f2 5c
f2 41 00 40 07 00 00 00 00 00 00 00 00 00 00 21 01 63 39 33 33 34 39 33 65 61 37 63 32 37 30 64 62 32 62 66 32 63 32 65 66 35 66 37 30 63 33 63 32 76 df
f2 41 02 40 10 00 00 00 00 00 00 0b 03 00 00 27 c8 c8 c8 34 23 29 33 38 38 62 63 61 62 38 66 39 65 38 35 37 65 62 35 33 38 32 39 35 61 32 32 65 33 35 34 64 33 39 05 07 92

∂‡≤ œ„ﬁπª˙:f24102 0001 accf23536a1e 0b0300 0000 9a2d

5A 00 52 40 00 00 00 01 99 00 0B 03 01 8C 18 D9 FF EB 9D 00 00 00 00 00 00 00 00 00 00 00 00 01 05 00 02 FF 00 00 00 00 00 00 FF 00 00 00 00 00 00 00 00 03 03 00 00 00 03 00 00 00 01 02 03 04 05 06 07 00 00 00 00 00 00 00 00 00 00 00 00 00 00 32 79 

√¿»›¿‰»¥£∫5a 00 22 40 00 00 00 c3 90 00 49 01 01 ac cf 23 d8 7b 32 00 00 00 01 01 00 00 00 00 00 00 00 04 00 e5 2d
√¿»›¿‰»¥1£∫5a 00 22 40 00 00 00 c3 90 00 49 01 01 ac cf 23 d8 7b AA 00 00 00 01 01 00 00 00 00 00 00 00 04 00 29 CE

√¿»›£∫f24102 0001 accf2386e806 230160 0000 2ce3
f24102 0010 accf2386e806 2301e9 0058 0000000001070101100b0714031f02ffffff000102010102ffffffffffffff07ff ffffffffffffff07010201010200ffffffffffffffffffffffffffffffffffffffffffffffffffffffffffffffffffffffffffffffffff f389
f24100 0007 accf2386e806 2301e9 0028 0000000001070101100b0714031f02ffffff000102010102ffffffffffffff07ff ffffffffffffff 17b6

∂‡≤ œ„ﬁπª˙£∫f24102 0001 accf239a75ba 0b0160 0000 9855

f2 41 02 00 01 ac cf 23 56 14 bc 0b 03 00 00 00 12 b5

5A 00 22 40 00 00 00 00 02 00 0B 03 07 00 50 44 21 E6 30 00 00 00 01 00 00 00 00 00 00 00 00 04 00 73 C3

f2 41 02 00 01 ac cf 23 56 14 bc 0E 03 00 00 00 34 e1

5a 00 22 40 00 00 00 00 02 00 0b 03 09 ac cf 23 56 bd c8 00 00 00 01 00 00 00 00 00 00 00 00 04 00 8c e8

5a 00 22 40 00 00 00 01 99 00 0b 03 01 ac cf 23 51 b1 96 00 00 00 01 00 00 00 00 00 00 00 00 04 00 6f cc

5a 00 22 40 00 00 00 01 99 00 0b 03 01 18 fe 34 d8 5c 49 00 00 00 01 00 00 00 00 00 00 00 00 04 00 0d de

//≈ÁŒÌ“«
5a 00 22 40 00 00 00 01 99 00 24 03 03 18 fe 34 d8 5c 49 00 00 00 01 00 00 00 00 00 00 00 00 04 00 18 67

//ÕºœÒ≤‚∑Ù“« 008732889182
5a 00 22 40 00 00 00 01 99 00 1f 0a 03 18 fe 34 d8 5c 49 00 00 00 01 00 00 00 00 00 00 00 00 04 00 43 F8
5a 00 22 40 00 00 00 01 99 00 1f 0a 03 00 87 32 88 91 82 00 00 00 01 00 00 00 00 00 00 00 00 04 00 01 87



5a 00 22 40 00 00 00 00 00 00 00 00 00 08 00 28 5b 57 97 00 00 00 01 00 00 00 00 00 00 00 00 04 00 c5 ad 

f2 41 00 40 07 ac cf 23 56 14 bc 0b 03 00 00 37 
02 65 37 62 32 30 64 33 36 36 64 63 32 30 65 33 63 38 34 38 61 32 31 38 31 31 35 38 30 36 61 65 38 60 0e 1e 0a 01 00 00 00 00 00 00 00 00 00 00 00 00 00 00 07 00 00 
24 ee

»´¡¡
4007 mac=ACCF235614BC ip192.168.3.5:18899 size=73:f2 41 00 40 07 ac cf 23 56 14 bc 0b 03 00 00 37 02 38 66 31 34 65 34 35 66 63 65 65 61 31 36 37 61 35 61 33 36 64 65 64 64 34 62 65 61 32 35 34 33 60 0e 2a 29 01 00 03 01 00 00 00 00 00 00 00 00 00 00 00 01 00 02 ba e8
0007 mac=ACCF235614BC ip=192.168.3.5 size=40:f2 41 00 00 07 ac cf 23 56 14 bc 0b 03 00 00 16 60 0e 2a 29 01 00 01 01 00 00 00 00 00 00 00 00 00 00 00 03 00 02 3d 19

∞Î¡¡
4007 mac=ACCF235614BC ip192.168.3.5:18899 size=73:f2 41 00 40 07 ac cf 23 56 14 bc 0b 03 00 00 37 02 38 66 31 34 65 34 35 66 63 65 65 61 31 36 37 61 35 61 33 36 64 65 64 64 34 62 65 61 32 35 34 33 60 0e 2b 0e 01 00 01 02 00 00 00 00 00 00 00 00 00 00 00 03 00 02 04 97
0007 mac=ACCF235614BC ip=192.168.3.5 size=40:f2 41 00 00 07 ac cf 23 56 14 bc 0b 03 00 00 16 60 0e 2b 0e 01 00 01 02 00 00 00 00 00 00 00 00 00 00 00 03 00 02 22 ef

œ®√
4007 mac=ACCF235614BC ip192.168.3.5:18899 size=73:f2 41 00 40 07 ac cf 23 56 14 bc 0b 03 00 00 37 02 38 66 31 34 65 34 35 66 63 65 65 61 31 36 37 61 35 61 33 36 64 65 64 64 34 62 65 61 32 35 34 33 60 0e 2b 1e 01 00 01 03 00 00 00 00 00 00 00 00 00 00 00 03 00 02 30 b4
0007 mac=ACCF235614BC ip=192.168.3.5 size=40:f2 41 00 00 07 ac cf 23 56 14 bc 0b 03 00 00 16 60 0e 2b 1e 01 00 01 03 00 00 00 00 00 00 00 00 00 00 00 03 00 02 16 cc

∫Ï…´
4007 mac=ACCF235614BC ip192.168.3.5:18899 size=73:f2 41 00 40 07 ac cf 23 56 14 bc 0b 03 00 00 37 02 38 66 31 34 65 34 35 66 63 65 65 61 31 36 37 61 35 61 33 36 64 65 64 64 34 62 65 61 32 35 34 33 60 0e 2b 38 01 00 01 01 00 00 00 00 00 00 00 00 00 00 00 01 00 08 31 95
0007 mac=ACCF235614BC ip=192.168.3.5 size=40:f2 41 00 00 07 ac cf 23 56 14 bc 0b 03 00 00 16 60 0e 2b 38 01 00 01 01 00 00 00 00 00 00 00 00 00 00 00 01 00 08 17 ed

                                                00                                                                                              33
f2 41 00 40 07 ac cf 23 56 14 bc 0b 03 00 00 37 02 65 37 62 32 30 64 33 36 36 64 63 32 30 65 33 63 38 34 38 61 32 31 38 31 31 35 38 30 36 61 65 38 60 0f 06 19 01 00 01 03 00 00 00 00 00 00 00 00 00 00 00 06 00 00 89 98
f2 41 00 40 07 ac cf 23 56 14 bc 0b 03 00 00 37 02 38 66 31 34 65 34 35 66 63 65 65 61 31 36 37 61 35 61 33 36 64 65 64 64 34 62 65 61 32 35 34 33 60 0e 2b 38 01 00 01 01 00 00 00 00 00 00 00 00 00 00 00 01 00 08 31 95
f2 41 00 40 07 ac cf 23 56 14 bc 0b 03 00 00 37 02 65 37 62 32 30 64 33 36 36 64 63 32 30 65 33 63 38 34 38 61 32 31 38 31 31 35 38 30 36 61 65 38 60 0f 0e 24 01 00 00 00 00 00 00 00 00 00 00 00 00 00 00 01 00 00 69 7d


5a 00 22 40 00 00 00 00 02 00 0b 03 09 ac cf 23 56 bd c8 00 00 00 01 00 00 00 00 00 00 00 00 04 00 8c e8

5a 00 22 40 00 00 00 00 02 00 05 03 01 aa bb cc dd ee ff 00 00 00 01 00 00 00 00 00 00 00 00 04 00 64 09


5a00324001 000001991b031000 74daea81302f 0000025b 0000000000000000 0304 00000000000000000100017d7d7d7d00 7ebb




